16.0767 25.2503 10.2768
16.4692 25.0247 8.86387
15.9982 25.6065 10.1493
16.6115 24.3304 9.15935
14.325 25.399 7.58003
15.2738 24.9616 7.48269
14.2143 25.1581 7.42618
15.3182 24.9768 7.49826
15.3411 25.0086 7.51989
14.5906 23.8722 12.3842
12.8011 22.1911 12.6628
13.1661 21.8305 12.3225
12.7153 22.6852 12.9078
12.7907 23.0843 13.0284
14.3508 24.0618 12.5887
12.5475 25.5012 11.2249
12.8822 25.5212 11.2688
12.5916 25.5068 11.1652
12.6042 22.4122 12.7429
12.4125 20.9854 11.3598
11.2856 21.135 11.266
12.3018 20.7445 11.2059
11.3086 21.1668 11.2877
11.3529 21.1819 11.3032
10.1576 21.1188 9.92207
10.55 20.8933 8.50913
10.6285 20.5371 8.63669
10.0152 21.8131 9.62657
11.8228 21.7937 7.82642
11.7258 21.9303 7.79386
11.9593 20.0155 8.52575
14.0226 23.7314 6.04307
13.9115 23.4584 5.87811
13.8257 23.9525 6.12312
14.0792 20.6422 7.56104
14.0351 20.6366 7.62068
13.7448 20.6223 7.51715
12.9235 20.6999 7.31714
12.2759 22.0818 6.19721
12.0361 22.2713 6.40178
11.6151 22.1512 7.63186
13.836 23.0592 5.75755
13.4607 24.313 6.46349
13.8701 26.3848 9.8608
14.0418 26.1531 9.37721
13.9933 26.1899 9.42821
14.6263 26.2113 10.2595
14.4923 26.2943 10.3447
13.6308 25.5896 11.4679
12.6189 25.5754 11.0297
12.4061 21.9134 12.6522
12.9211 21.7123 12.5324
13.1715 21.4898 12.3001
10.4867 23.443 9.81784
10.5086 23.5169 9.83825
10.5184 23.5011 9.788
13.2261 21.5389 12.2545
12.5022 22.3076 12.7323
12.1343 19.8493 8.44117
12.5849 19.9904 9.4087
12.0005 19.9322 8.52639
12.6335 19.9536 9.35771
12.7566 19.7587 8.92513
12.9959 20.5539 7.31804
14.0079 20.568 7.75627
13.4006 24.6046 6.53146
13.7057 24.4313 6.25357
13.4553 24.6538 6.48584
14.1245 23.8359 6.05361
14.2206 24.2302 6.13372
16.1401 22.7005 8.9681
16.1083 22.6425 8.99796
16.1182 22.6266 8.94768
11.8357 26.9714 9.34083
11.7713 26.9635 9.3215
11.7799 26.962 9.33802
12.1144 26.6413 9.99885
12.5119 27.0021 9.51572
13.4571 26.7265 9.58972
11.8771 24.2703 7.90515
11.4137 23.7371 8.82515
11.137 25.1643 8.21012
11.6469 23.6643 8.58963
10.2634 24.5499 11.2008
9.44055 23.9192 11.2327
9.34965 23.7628 11.8685
10.0008 24.3901 10.9087
10.3415 23.2329 9.84916
11.0137 21.835 13.2051
10.6792 21.5143 12.5443
11.6973 21.9295 13.081
10.9577 21.8444 13.2022
10.2816 21.8751 13.0274
10.1421 22.0375 13.118
15.4898 20.9792 10.5758
14.9799 22.4792 10.1963
14.7497 21.8732 10.8808
15.2131 22.4065 9.96078
14.8469 19.1815 9.44798
14.8554 19.1801 9.46441
14.7913 19.1722 9.44518
14.1147 19.1415 9.2702
14.5123 19.5022 8.78705
13.1696 19.417 9.1962
14.9296 24.2141 5.70488
15.6129 24.3086 5.58085
15.9475 24.6293 6.24179
16.626 21.7535 7.87735
16.2853 22.9106 8.93678
17.1862 22.2244 7.55328
17.2771 22.3808 6.91742
16.3632 21.5936 7.58512
15.6689 24.2992 5.58368
16.3451 24.2685 5.75853
16.4846 24.1061 5.66796
12.6515 27.1646 9.42511
11.5284 27.0001 9.13381
11.6422 27.2089 8.83149
11.882 27.3984 8.62694
12.6056 27.7446 8.39987
12.8591 27.7058 8.59665
12.9913 27.3251 9.32199
13.2895 25.664 6.39205
13.313 24.895 6.34298
14.4474 26.2178 7.80512
14.0965 26.7206 7.4437
13.8338 26.8805 7.15148
13.368 26.0202 6.5196
11.9177 25.0592 6.5023
11.9588 25.1424 6.50293
12.1923 27.0573 7.23487
12.0953 26.9207 7.20231
10.9946 25.827 7.71157
12.303 27.2782 7.39688
12.6875 27.5599 7.60993
13.1827 27.5078 8.1114
13.2736 27.3514 7.47547
12.0029 24.5627 6.83736
11.7837 24.9763 6.58754
10.9222 25.681 7.71067
10.8611 25.5859 8.12158
9.62042 26.3961 9.7206
10.0452 25.5074 8.55442
11.0966 27.0565 9.46205
10.3875 27.0404 9.89096
9.87284 26.8394 10.0107
9.45654 25.6065 10.1493
9.48 26.3756 10.1002
9.92752 25.0247 8.86387
9.62233 26.6169 10.2431
10.0698 24.3304 9.15935
10.4488 23.6429 9.33773
9.53506 25.2503 10.2768
11.508 26.2621 11.277
12.2391 25.5568 11.4984
11.4851 26.2939 11.2554
10.3812 26.1126 11.1833
10.4919 25.8716 11.3372
10.6143 25.0527 11.5623
11.6785 24.9297 11.642
11.4407 26.309 11.2398
11.2653 21.8731 13.4094
11.1516 22.0818 13.7116
12.7117 23.0592 13.2719
12.7872 23.4584 13.3925
12.1886 24.895 13.8574
12.329 24.8744 13.4779
10.7933 25.0592 14.0167
10.2088 25.1175 13.1343
10.9118 22.2713 13.9162
12.3364 24.313 13.9779
12.7014 23.9525 13.6375
10.1881 22.6176 14.1433
9.15834 23.9456 13.0793
9.93475 22.5789 13.9466
9.62397 24.544 13.3469
10.0371 24.8857 13.618
10.6594 24.9763 14.1019
10.8786 24.5627 14.3517
11.0223 21.8364 13.2216
9.80241 22.198 13.221
12.2763 24.6046 14.0458
10.1603 25.0807 13.1853
9.026 23.5647 12.3537
12.3309 24.6538 14.0002
12.5814 24.4313 13.7679
8.92355 21.2578 12.6823
9.33672 21.5996 12.9534
8.30136 21.1672 12.1984
8.08216 21.5808 11.9486
8.77269 23.526 12.157
8.94813 20.9792 10.5758
10.0399 20.6361 10.2315
9.22394 20.5576 10.6644
9.63633 22.5006 9.4482
8.67142 22.4065 9.96078
8.20803 21.8732 10.8808
9.16291 20.4626 11.0753
8.4382 22.4792 10.1963
10.1748 20.4484 11.5135
10.2462 20.3742 11.3182
9.91149 20.3942 11.2743
10.5547 20.4298 11.0447
10.202 20.3798 11.3779
8.8545 23.7107 11.3672
14.4344 19.0862 11.5511
13.9392 18.5836 11.176
14.3237 18.8653 11.3891
13.3532 18.7921 11.3104
12.793 19.263 11.6345
13.2586 20.1231 12.2663
15.6322 20.3166 11.0744
14.5314 19.2228 11.5836
14.9846 18.9347 9.95441
14.7448 18.7451 10.159
13.3372 20.4793 12.3939
14.6679 21.001 12.283
13.7677 18.4377 10.1893
13.4441 18.6357 10.6745
14.0211 18.3989 10.3861
13.6354 18.8184 9.46395
12.1793 19.9257 10.9808
12.5302 19.423 11.3423
15.0984 19.1434 9.65215
13.9752 18.9789 9.36085
13.3138 21.2486 12.4429
15.7656 20.5576 10.6644
15.7046 20.4626 11.0753
14.7091 21.0843 12.2836
14.843 21.1672 12.1984
14.6238 21.5808 11.9486
16.0122 21.0908 7.22362
16.2454 20.031 7.60258
16.1347 20.272 7.44871
17.0045 19.5267 8.54289
17.1468 19.768 8.68574
17.1702 20.5371 8.63669
17.0917 20.8933 8.50913
14.3876 20.5867 7.28757
14.9483 21.2138 7.14389
15.1186 19.8815 7.5089
15.1416 19.8496 7.53054
15.5301 19.087 9.32395
16.2391 19.1031 8.89507
15.1859 19.8345 7.54609
16.5815 20.6361 10.2315
17.0063 19.7474 9.06534
16.7539 19.3041 8.77525
16.178 22.5006 9.4482
16.5569 21.8131 9.62657
16.6992 21.1188 9.92207
16.4387 23.526 4.64265
15.9673 21.1672 4.68401
15.7481 21.5808 4.4342
16.5895 21.2578 5.16787
17.0027 21.5996 5.43901
17.4684 22.198 5.70665
16.692 23.5647 4.83931
14.2904 21.8305 4.80807
15.7149 23.8722 4.86978
14.3504 21.5389 4.7401
16.8243 23.9456 5.56487
15.6043 24.3072 5.56429
15.3614 24.2705 5.3766
15.4751 24.0618 5.07434
17.6007 22.5789 6.43222
16.4664 21.0629 5.60054
16.4178 21.026 5.65156
13.9151 23.0843 5.51401
15.8334 21.0843 4.76927
14.2958 21.4898 4.78572
14.4381 21.2486 4.92855
14.2977 21.2692 5.30802
14.0454 21.7123 5.018
13.9254 22.1911 5.14845
13.8396 22.6852 5.39346
17.4638 25.681 7.71067
18.5446 24.5627 6.83736
18.3254 24.9763 6.58754
18.4187 24.2703 7.90515
17.6786 25.1643 8.21012
17.4028 25.5859 8.12158
16.4246 25.7637 7.40804
16.7153 25.7494 7.51166
16.4519 25.6951 7.27245
17.7031 24.8857 6.1036
16.5869 25.5074 8.55442
16.072 25.7138 7.74123
16.3805 25.7693 7.46775
16.9904 23.6429 9.33773
17.9553 23.7371 8.82515
18.1886 23.6643 8.58963
17.7723 22.4329 7.4188
17.8541 22.6176 6.62892
17.2899 24.544 5.83248
16.0217 26.3756 10.1002
16.1621 26.3961 9.7206
15.5115 26.3408 7.88487
17.0283 23.443 9.81784
17.0601 23.5011 9.788
16.8832 23.2329 9.84916
17.0503 23.5169 9.83825
15.9822 23.9192 11.2327
16.5424 24.3901 10.9087
15.3962 23.7107 11.3672
12.7539 25.7632 12.3116
12.8983 23.7314 13.5575
13.0002 23.8359 13.568
13.8053 24.2141 13.2193
14.2371 24.2705 12.891
13.5697 25.6847 11.8788
13.0963 24.2302 13.6481
15.3144 23.526 12.157
9.56664 22.6425 8.99796
9.74359 22.9106 8.93678
9.59845 22.7005 8.9681
9.5765 22.6266 8.94768
10.0843 21.7535 7.87735
11.2306 22.4329 7.4188
10.6445 22.2244 7.55328
11.1153 19.8027 10.9011
10.6051 19.768 8.68574
10.4647 19.7474 9.06534
11.3124 22.6176 6.62892
12.8216 21.9295 5.56662
12.3896 21.8731 5.89506
13.6266 22.3076 5.21796
13.7285 22.4122 5.2285
13.0569 20.4588 6.90725
13.8728 20.3803 6.47439
13.5305 21.9134 5.13786
13.3372 30.7335 12.3939
14.4344 29.3403 11.5511
13.2586 30.3773 12.2663
14.5314 29.4769 11.5836
14.6679 31.2551 12.283
12.7239 29.4575 13.3838
12.8662 30.1517 13.6793
15.1211 30.2851 15.117
14.0173 30.1038 15.0449
14.0616 30.0887 15.0605
13.9943 30.1356 15.0233
15.0104 30.5261 14.9631
16.1694 26.9576 10.2208
16.6202 27.8119 9.63549
16.5345 27.3183 9.88027
16.5446 28.2115 9.5148
14.9846 29.1888 9.95441
14.7448 28.9992 10.159
15.6322 30.5707 11.0744
14.3237 29.1194 11.3891
16.7437 30.6339 11.3779
16.7878 30.6283 11.3182
16.4532 30.6483 11.2743
16.7312 27.5392 9.8003
18.7854 26.0202 14.034
17.3761 25.1424 14.0173
18.7069 25.664 13.9064
17.5127 26.9207 14.7167
17.6097 27.0573 14.7492
19.1779 26.2459 12.621
19.3202 26.9401 12.9165
17.0336 25.8716 11.3372
18.0268 26.2939 11.2554
18.0497 26.2621 11.277
17.9824 26.309 11.2398
16.9229 26.1126 11.1833
17.7204 27.2782 14.9113
16.4119 25.827 15.2259
17.0596 27.2089 16.3459
17.2994 27.3984 16.1413
15.4239 28.5858 16.6649
15.4994 28.1862 16.7855
15.5096 29.0792 16.4202
15.8749 29.4401 16.0795
15.591 25.7494 15.026
15.2562 25.7693 14.9821
15.3003 25.7637 14.9224
15.3129 28.8584 16.5001
16.7165 30.7026 11.5135
14.843 31.4214 12.1984
15.4652 31.5119 12.6823
15.7046 30.7167 11.0753
14.7091 31.3384 12.2836
15.2935 31.2802 13.1659
15.3421 31.317 13.1149
16.4145 26.8394 10.0107
16.9292 27.0404 9.89096
16.164 26.6169 10.2431
16.8331 27.4347 9.81083
18.8268 28.6442 12.7047
18.8169 28.6282 12.7553
18.8489 28.5699 12.7253
16.1094 26.666 10.2887
16.5788 24.8857 13.618
17.335 25.0592 14.0167
17.2011 24.9763 14.1019
16.7505 25.1175 13.1343
16.702 25.0807 13.1853
15.3276 25.6951 14.7868
16.3395 25.681 15.225
15.211 28.963 16.4896
15.1148 29.3573 16.4094
15.6296 29.5583 16.2896
15.8802 29.7808 16.0573
15.9349 29.7316 16.0116
13.2173 27.7537 13.5955
13.1954 27.8275 13.5751
13.2271 27.7695 13.5453
17.564 32.0906 13.2216
17.5554 32.0891 13.2051
17.4993 32.0985 13.2022
16.8233 32.1292 13.0274
17.2209 31.7684 12.5443
15.8784 31.8537 12.9534
17.6886 28.7914 13.9534
18.1985 30.2914 14.3331
17.4584 29.3974 14.638
17.9218 28.8641 13.718
19.8949 29.0462 11.3104
19.3346 29.5171 11.6345
18.9939 28.3599 12.6939
17.6383 27.0565 9.46205
18.6561 26.6413 9.99885
18.3215 26.962 9.33802
18.3774 26.9714 9.34083
19.1931 27.1646 9.42511
19.0536 27.0021 9.51572
19.9858 28.8898 10.6745
19.0719 29.6771 11.3423
14.1223 27.5335 12.5823
14.5857 27.0004 11.6624
13.8456 26.1064 11.9673
14.3555 27.6062 12.3468
14.48 24.3072 13.0787
14.5446 24.2992 13.0981
14.4886 24.3086 13.0952
14.8232 24.6293 13.7562
16.1656 24.544 13.3469
15.2208 24.2685 13.2729
13.0502 28.0376 13.6064
12.1493 27.3514 14.9898
12.7094 26.8805 14.6659
13.388 29.7563 16.3014
14.4058 29.3411 16.8383
13.7226 29.4356 16.9624
13.667 29.4263 16.9596
12.9904 29.3956 16.7846
12.9722 26.7206 14.9581
12.0584 27.5078 15.6258
12.8509 29.233 16.8752
14.8879 31.3449 14.738
16.3441 32.4521 13.221
16.4764 32.833 13.9466
16.1528 32.6349 14.4318
15.2389 31.8477 15.0995
15.5016 32.0076 15.3917
15.9674 31.1474 16.0235
16.0459 30.7912 16.1511
16.0225 30.0221 16.2001
17.5517 30.1034 15.9556
17.3325 29.6898 15.7057
18.4132 30.808 14.8324
18.4743 30.713 14.4216
18.3408 30.954 14.8315
17.6933 32.3359 13.7116
17.807 32.1272 13.4094
16.7298 32.8717 14.1433
17.4535 32.5255 13.9162
16.6838 32.2917 13.118
17.2401 32.0478 15.3408
17.1431 32.1844 15.3082
17.0324 32.4053 15.1462
17.4178 30.1863 16.0408
17.3767 30.2696 16.0401
16.648 32.687 14.9332
16.0619 32.4785 15.0677
19.8003 30.3773 12.2663
19.8789 30.7335 12.3939
19.8554 31.5027 12.4429
19.7132 31.7439 12.3001
18.9542 31.2396 11.3598
18.8434 30.9986 11.2059
18.721 30.1798 10.9808
18.239 32.1837 13.081
17.8502 31.4209 11.2877
17.8946 31.436 11.3032
18.9478 32.1675 12.6522
18.8866 28.77 13.2054
19.2655 29.4575 13.3838
19.4627 31.9664 12.5324
19.7151 31.5233 12.8224
19.2901 30.6344 13.9888
19.4078 30.1517 13.6793
17.8273 31.3891 11.266
17.6569 30.0568 10.9011
17.0964 30.6839 11.0447
17.1468 30.0221 8.68574
16.7539 29.5583 8.77525
17.0063 30.0015 9.06534
17.0045 29.7808 8.54289
19.1266 30.2445 9.4087
18.5421 30.1863 8.52639
17.0592 29.7316 8.49718
18.4568 29.6898 8.19135
18.676 30.1034 8.44117
20.1771 29.0725 9.46395
19.2983 30.0128 8.92513
19.7113 29.6711 9.1962
19.1473 27.7446 8.39987
19.4007 27.7058 8.59665
20.3094 28.6918 10.1893
19.1751 30.2077 9.35771
19.533 27.3251 9.32199
16.9992 29.4401 8.56513
18.4237 27.3984 8.62694
18.313 26.9635 9.3215
18.0701 27.0001 9.13381
18.1839 27.2089 8.83149
16.6238 28.1862 9.27115
16.5482 28.5858 9.15048
16.6339 29.0792 8.90577
19.2956 25.7632 12.3116
19.6991 27.6276 13.0948
20.664 27.5335 12.5823
20.3873 26.1064 11.9673
20.1114 25.6847 11.8788
20.1724 25.5896 11.4679
19.4239 25.5212 11.2688
19.0891 25.5012 11.2249
18.7807 25.5568 11.4984
21.034 26.2943 10.3447
21.1273 27.0004 11.6624
21.2532 26.708 10.5946
19.1605 25.5754 11.0297
20.4118 26.3848 9.8608
19.1333 25.5068 11.1652
20.5628 28.653 10.3861
19.9988 26.7265 9.58972
20.4809 28.8377 11.176
20.8972 27.6062 12.3468
14.7116 26.708 10.5946
17.156 25.0527 11.5623
15.8913 23.7628 11.8685
16.8051 24.5499 11.2008
15.5677 23.5647 12.3537
15.7 23.9456 13.0793
15.3603 24.1061 13.1823
14.9477 25.7138 15.2556
13.2007 25.399 15.0944
14.2168 25.0086 15.0343
13.3231 26.2178 15.3195
14.3872 26.3408 15.3992
14.1938 24.9768 15.0126
12.1652 25.664 13.9064
12.7785 26.9401 12.9165
12.6362 26.2459 12.621
12.2437 26.0202 14.034
13.0899 25.1581 14.9406
13.1574 27.6276 13.0948
14.1495 24.9616 14.9971
13.9741 29.3976 17.1665
13.7311 29.4342 16.9788
15.4203 28.2115 17.0292
13.8603 29.1888 17.4688
12.6434 28.6918 17.7037
11.7348 27.7058 16.111
11.867 27.3251 16.8364
12.5111 29.0725 16.9783
13.5873 26.708 18.109
12.8968 28.653 17.9005
13.368 26.2943 17.8591
12.7458 26.3848 17.3752
12.3328 26.7265 17.1041
13.6205 28.9992 17.6734
15.0451 26.9576 17.7351
14.985 26.666 17.8031
15.2902 26.8394 17.5251
15.4102 27.3183 17.3946
15.0397 26.6169 17.7575
15.4959 27.8119 17.1499
12.869 26.1899 16.9426
12.9175 26.1531 16.8916
13.5019 26.2113 17.7739
14.8974 26.3756 17.6146
15.0378 26.3961 17.235
11.6323 30.0128 16.4395
12.0453 29.6711 16.7106
11.4813 27.7446 15.9142
10.7908 29.6898 15.7057
11.01 30.1034 15.9556
12.8836 30.8222 15.2707
11.8716 30.808 14.8324
12.6205 30.8764 15.0315
12.9108 30.8908 15.1351
12.9549 30.8964 15.0754
13.2633 30.8408 14.8019
11.9326 30.713 14.4216
11.3801 28.8641 13.718
11.6568 30.2914 14.3331
12.3449 28.77 13.2054
12.7485 30.6344 13.9888
10.9167 29.3974 14.638
11.5632 27.5599 15.1243
11.1469 28.7914 13.9534
13.3138 31.5027 12.4429
13.1734 31.5233 12.8224
13.824 31.4679 14.6583
12.2753 28.6282 12.7553
12.2852 28.6442 12.7047
12.793 29.5171 11.6345
12.3072 28.5699 12.7253
13.3532 29.0462 11.3104
12.4523 28.3599 12.6939
13.9392 28.8377 11.176
16.5815 30.8903 10.2315
15.7656 30.8117 10.6644
15.0984 29.3976 9.65215
15.5301 29.3411 9.32395
16.2391 29.3573 8.89507
16.3353 28.963 8.97518
16.4372 28.8584 8.98573
14.0211 28.653 10.3861
18.691 27.3514 14.9898
19.2511 26.8805 14.6659
18.1048 27.5599 15.1243
19.737 27.8275 13.5751
19.5919 28.0376 13.6064
19.7589 27.7537 13.5955
19.7688 27.7695 13.5453
18.7303 24.895 13.8574
18.2202 24.9297 11.642
18.8707 24.8744 13.4779
18.023 27.7446 15.9142
16.9458 27.0001 16.6482
16.514 27.0565 16.9764
15.7088 27.4347 17.3252
15.6069 27.5392 17.3147
15.4626 25.5074 16.0688
16.2785 25.5859 15.636
15.8049 27.0404 17.4053
